1749236368469 0.18544 0
1749236821333 0.31786 1
1749237265920 0.50203 2
1749237711804 0.6768 3
1749238150006 0.71238 4
1749238588272 0.74088 5
1749239025642 0.82882 6
1749239464666 0.8682 7
1749240019407 0.89132 8
1749240463869 0.87889 9
1749240915481 0.928 10
1749241363846 0.90658 11
1749241812201 0.89865 12
1749242247614 0.91324 13
1749242684133 0.92378 14
1749243122384 0.92646 15
1749243558540 0.93069 16
1749244002292 0.92298 17
1749244446556 0.9386 18
1749244888546 0.90112 19
1749245327271 0.94345 20
1749245766232 0.951 21
1749246224136 0.91643 22
1749246673500 0.94901 23
1749247123197 0.93682 24
1749247566983 0.9204 25
1749248011751 0.95116 26
1749248455809 0.95384 27
1749248908328 0.93792 28
1749249352944 0.94334 29
1749249801438 0.93761 30
1749250252389 0.96678 31
1749250697571 0.95715 32
1749251142257 0.95153 33
1749251584703 0.94913 34
1749252028819 0.92809 35
1749252472623 0.95676 36
1749252914933 0.93995 37
1749253363077 0.95304 38
1749253812416 0.9674 39
1749254246325 0.96956 40
1749254680477 0.96825 41
1749255112133 0.9705 42
1749255548335 0.96388 43
1749255992119 0.97028 44
1749256441184 0.97095 45
1749256888091 0.96995 46
1749257331168 0.96092 47
1749257773117 0.97092 48
1749258221094 0.9702 49
1749258233598 0.9704999999999999 49
