1749236368469 0.17241 0
1749236821333 0.2596 1
1749237265920 0.43886 2
1749237711804 0.59121 3
1749238150006 0.64627 4
1749238588272 0.68558 5
1749239025642 0.74534 6
1749239464666 0.79495 7
1749240019407 0.81802 8
1749240463869 0.81686 9
1749240915481 0.84899 10
1749241363846 0.83532 11
1749241812201 0.81865 12
1749242247614 0.82964 13
1749242684133 0.85274 14
1749243122384 0.85263 15
1749243558540 0.85324 16
1749244002292 0.85432 17
1749244446556 0.86456 18
1749244888546 0.83133 19
1749245327271 0.88061 20
1749245766232 0.8845 21
1749246224136 0.84765 22
1749246673500 0.87917 23
1749247123197 0.87075 24
1749247566983 0.86052 25
1749248011751 0.88594 26
1749248455809 0.89327 27
1749248908328 0.87989 28
1749249352944 0.87278 29
1749249801438 0.87815 30
1749250252389 0.89431 31
1749250697571 0.90022 32
1749251142257 0.88051 33
1749251584703 0.88931 34
1749252028819 0.87198 35
1749252472623 0.90149 36
1749252914933 0.88552 37
1749253363077 0.88587 38
1749253812416 0.89737 39
1749254246325 0.90971 40
1749254680477 0.90819 41
1749255112133 0.91624 42
1749255548335 0.90365 43
1749255992119 0.90268 44
1749256441184 0.91022 45
1749256888091 0.90719 46
1749257331168 0.90204 47
1749257773117 0.91052 48
1749258221094 0.90877 49
1749258233598 0.9139966219635826 49
