1749236368469 0.03774 0
1749236821333 0.35759 1
1749237265920 0.36346 2
1749237711804 0.49806 3
1749238150006 0.64692 4
1749238588272 0.70236 5
1749239025642 0.65938 6
1749239464666 0.74139 7
1749240019407 0.75203 8
1749240463869 0.75533 9
1749240915481 0.8117 10
1749241363846 0.79415 11
1749241812201 0.8164 12
1749242247614 0.86067 13
1749242684133 0.72333 14
1749243122384 0.874 15
1749243558540 0.87583 16
1749244002292 0.83741 17
1749244446556 0.88953 18
1749244888546 0.82914 19
1749245327271 0.86817 20
1749245766232 0.90262 21
1749246224136 0.80078 22
1749246673500 0.89019 23
1749247123197 0.81949 24
1749247566983 0.85431 25
1749248011751 0.8889 26
1749248455809 0.89554 27
1749248908328 0.9104 28
1749249352944 0.88973 29
1749249801438 0.90983 30
1749250252389 0.91532 31
1749250697571 0.89211 32
1749251142257 0.88041 33
1749251584703 0.90447 34
1749252028819 0.88823 35
1749252472623 0.90548 36
1749252914933 0.92003 37
1749253363077 0.89472 38
1749253812416 0.93315 39
1749254246325 0.88993 40
1749254680477 0.89911 41
1749255112133 0.89249 42
1749255548335 0.91695 43
1749255992119 0.91109 44
1749256441184 0.92564 45
1749256888091 0.89882 46
1749257331168 0.91939 47
1749257773117 0.92711 48
1749258221094 0.90657 49
1749258233598 0.8920162476460303 49
