1749236368469 0.79867 0
1749236821333 0.28902 1
1749237265920 0.60662 2
1749237711804 0.74154 3
1749238150006 0.62913 4
1749238588272 0.62407 5
1749239025642 0.78447 6
1749239464666 0.74097 7
1749240019407 0.82889 8
1749240463869 0.81164 9
1749240915481 0.79515 10
1749241363846 0.79067 11
1749241812201 0.83757 12
1749242247614 0.8239 13
1749242684133 0.92329 14
1749243122384 0.84537 15
1749243558540 0.84575 16
1749244002292 0.87015 17
1749244446556 0.87108 18
1749244888546 0.82332 19
1749245327271 0.8779 20
1749245766232 0.87517 21
1749246224136 0.84796 22
1749246673500 0.87322 23
1749247123197 0.89873 24
1749247566983 0.86795 25
1749248011751 0.86354 26
1749248455809 0.8531 27
1749248908328 0.85849 28
1749249352944 0.85373 29
1749249801438 0.85286 30
1749250252389 0.86652 31
1749250697571 0.83975 32
1749251142257 0.83859 33
1749251584703 0.87327 34
1749252028819 0.85099 35
1749252472623 0.86064 36
1749252914933 0.8603 37
1749253363077 0.85916 38
1749253812416 0.88415 39
1749254246325 0.91118 40
1749254680477 0.89718 41
1749255112133 0.92737 42
1749255548335 0.90797 43
1749255992119 0.93229 44
1749256441184 0.8859 45
1749256888091 0.94006 46
1749257331168 0.90379 47
1749257773117 0.89886 48
1749258221094 0.93127 49
1749258233598 0.9273525146231647 49
