1749236354766 0.64683 0
1749236809765 0.61145 1
1749237254802 0.60445 2
1749237700575 0.57508 3
1749238138670 0.58659 4
1749238577144 0.53519 5
1749239014063 0.53968 6
1749239453252 0.51576 7
1749240008017 0.51465 8
1749240452540 0.48824 9
1749240903880 0.48932 10
1749241352326 0.4885 11
1749241800599 0.47101 12
1749242236469 0.46701 13
1749242672822 0.45731 14
1749243110928 0.45041 15
1749243547208 0.42838 16
1749243990760 0.42426 17
1749244435023 0.42861 18
1749244877266 0.42557 19
1749245315972 0.42002 20
1749245752943 0.40948 21
1749246212650 0.40603 22
1749246661464 0.3966 23
1749247111873 0.39915 24
1749247555563 0.4004 25
1749248000232 0.392 26
1749248444408 0.3811 27
1749248896817 0.38988 28
1749249341332 0.38598 29
1749249790049 0.37382 30
1749250240642 0.37304 31
1749250684980 0.36906 32
1749251131028 0.34678 33
1749251573247 0.36047 34
1749252017393 0.34936 35
1749252461371 0.35563 36
1749252903579 0.35846 37
1749253351752 0.34693 38
1749253800907 0.34377 39
1749254235080 0.26576 40
1749254668710 0.25025 41
1749255100839 0.24238 42
1749255534654 0.24113 43
1749255980292 0.23776 44
1749256429731 0.22578 45
1749256876592 0.21958 46
1749257320002 0.2174 47
1749257761835 0.21082 48
1749258206717 0.21374 49
