1749236354766 4.21289 0
1749236809765 3.4095 1
1749237254802 2.95411 2
1749237700575 2.62245 3
1749238138670 2.38031 4
1749238577144 2.20195 5
1749239014063 2.0315 6
1749239453252 1.84201 7
1749240008017 1.75946 8
1749240452540 1.66805 9
1749240903880 1.57551 10
1749241352326 1.48643 11
1749241800599 1.43041 12
1749242236469 1.38629 13
1749242672822 1.34778 14
1749243110928 1.28755 15
1749243547208 1.20736 16
1749243990760 1.19407 17
1749244435023 1.20357 18
1749244877266 1.14715 19
1749245315972 1.12029 20
1749245752943 1.05756 21
1749246212650 1.05473 22
1749246661464 0.9846 23
1749247111873 0.99114 24
1749247555563 0.9714 25
1749248000232 0.94259 26
1749248444408 0.92661 27
1749248896817 0.90342 28
1749249341332 0.9026 29
1749249790049 0.86857 30
1749250240642 0.87132 31
1749250684980 0.83008 32
1749251131028 0.82243 33
1749251573247 0.7912 34
1749252017393 0.792 35
1749252461371 0.78005 36
1749252903579 0.75805 37
1749253351752 0.74694 38
1749253800907 0.74349 39
1749254235080 0.56409 40
1749254668710 0.51031 41
1749255100839 0.49151 42
1749255534654 0.47978 43
1749255980292 0.46846 44
1749256429731 0.4622 45
1749256876592 0.44872 46
1749257320002 0.44287 47
1749257761835 0.439 48
1749258206717 0.42978 49
