1749236354766 1.14564 0
1749236809765 1.09418 1
1749237254802 1.07947 2
1749237700575 1.04846 3
1749238138670 1.0484 4
1749238577144 1.02485 5
1749239014063 1.01005 6
1749239453252 0.99781 7
1749240008017 1.00421 8
1749240452540 0.98677 9
1749240903880 0.98462 10
1749241352326 0.98461 11
1749241800599 0.97707 12
1749242236469 0.9685 13
1749242672822 0.974 14
1749243110928 0.96829 15
1749243547208 0.94976 16
1749243990760 0.94352 17
1749244435023 0.95987 18
1749244877266 0.95046 19
1749245315972 0.95128 20
1749245752943 0.93988 21
1749246212650 0.94231 22
1749246661464 0.9364 23
1749247111873 0.93816 24
1749247555563 0.93462 25
1749248000232 0.93986 26
1749248444408 0.93135 27
1749248896817 0.93704 28
1749249341332 0.93538 29
1749249790049 0.92073 30
1749250240642 0.92455 31
1749250684980 0.91814 32
1749251131028 0.91442 33
1749251573247 0.92251 34
1749252017393 0.9161 35
1749252461371 0.91441 36
1749252903579 0.91679 37
1749253351752 0.91238 38
1749253800907 0.91749 39
1749254235080 0.89224 40
1749254668710 0.87051 41
1749255100839 0.86404 42
1749255534654 0.87579 43
1749255980292 0.87089 44
1749256429731 0.85637 45
1749256876592 0.84732 46
1749257320002 0.84705 47
1749257761835 0.85071 48
1749258206717 0.84701 49
