1749236354766 0.00010981914893617023 0
1749236809765 0.00021644692978723402 1
1749237254802 0.00031867911063829783 2
1749237700575 0.0003132198 3
1749238138670 0.00030662640000000003 4
1749238577144 0.000300033 5
1749239014063 0.00029343960000000004 6
1749239453252 0.0002868462 7
1749240008017 0.00028025280000000004 8
1749240452540 0.0002736594 9
1749240903880 0.00026706600000000005 10
1749241352326 0.0002604726 11
1749241800599 0.0002538792 12
1749242236469 0.00024728580000000003 13
1749242672822 0.0002406924 14
1749243110928 0.000234099 15
1749243547208 0.00022750559999999999 16
1749243990760 0.00022091219999999996 17
1749244435023 0.00021431880000000002 18
1749244877266 0.00020772540000000002 19
1749245315972 0.000201132 20
1749245752943 0.00019453860000000003 21
1749246212650 0.0001879452 22
1749246661464 0.00018135180000000003 23
1749247111873 0.0001747584 24
1749247555563 0.00016816500000000001 25
1749248000232 0.0001615716 26
1749248444408 0.0001549782 27
1749248896817 0.0001483848 28
1749249341332 0.00014179140000000003 29
1749249790049 0.00013519800000000003 30
1749250240642 0.0001286046 31
1749250684980 0.00012201120000000001 32
1749251131028 0.0001154178 33
1749251573247 0.0001088244 34
1749252017393 0.00010223100000000002 35
1749252461371 9.563760000000001e-05 36
1749252903579 8.904420000000001e-05 37
1749253351752 8.24508e-05 38
1749253800907 7.585739999999999e-05 39
1749254235080 6.926399999999999e-05 40
1749254668710 6.267060000000002e-05 41
1749255100839 5.607720000000002e-05 42
1749255534654 4.948380000000001e-05 43
1749255980292 4.28904e-05 44
1749256429731 3.6296999999999995e-05 45
1749256876592 2.9703599999999988e-05 46
1749257320002 2.3110200000000015e-05 47
1749257761835 1.6516800000000014e-05 48
1749258206717 9.923400000000007e-06 49
